0
0
0
0
0
0
0
0
0
0
0
0
0
0
0
0
0
0
0
0
0
0
0
0
0
0
0
0
0
0
0
0
7
7
12
13
13
21
20
6
8
8
11
11
7
8
7
14
20
7
14
14
14
13
13
14
13
13
7
7
12
11
12
13
19
21
13
16
17
13
12
16
15
7
7
15
13
21
18
19
13
20
17
12
19
22
22
29
20
20
15
8
15
8
8
15
7
17
11
14
14
11
11
14
13
6
6
13
11
18
15
17
11
17
15
11
16
18
18
24
18
17
12
11
4
11
9
0
0
0
0
0
0
0
0
0
0
0
0
0
0
0
0
0
0
0
0
0
0
0
0
0
0
0
0
0
0
0
0
0
0
7
12
13
11
21
4
10
9
20
12
12
12
0
20
8
9
11
9
9
7
22
14
7
7
5
12
12
18
18
21
13
21
20
20
20
20
20
20
16
12
12
12
12
8
8
8
9
17
18
20
20
20
20
20
12
20
22
22
22
22
20
12
15
17
17
17
17
18
17
17
14
11
11
11
11
7
7
7
7
17
15
17
17
17
17
17
11
17
18
18
18
19
17
11
17
