0
0
0
0
0
0
0
0
0
0
0
0
0
0
0
0
0
0
0
0
0
0
0
0
0
0
0
0
0
0
0
0
20
9
17
18
18
30
28
8
11
11
15
15
9
12
9
20
28
10
20
19
20
19
18
19
18
18
9
10
18
15
18
18
27
29
18
23
23
18
18
23
22
10
10
22
18
30
25
27
18
28
24
18
27
31
31
41
29
28
21
12
21
11
11
21
10
24
16
19
20
15
15
20
18
8
8
18
16
25
22
23
16
23
21
16
23
26
26
34
25
24
18
15
6
15
13
0
0
0
0
0
0
0
0
0
0
0
0
0
0
0
0
0
0
0
0
0
0
0
0
0
0
0
0
0
0
0
0
0
0
9
17
18
15
29
5
14
13
28
17
18
17
0
28
12
13
15
13
13
10
31
19
9
10
8
17
18
25
26
29
18
29
28
28
28
28
28
28
23
18
18
18
18
12
11
12
13
24
25
28
28
28
28
28
18
28
31
31
31
31
28
18
22
24
24
24
24
25
25
23
19
15
16
16
16
10
10
10
11
23
21
23
23
23
23
23
15
23
26
26
26
27
24
15
24
