11
9
11
9
7
6
7
6
6
5
5
4
10
9
10
9
9
8
9
8
12
10
12
10
7
6
10
9
7
5
8
7
12
9
7
7
8
7
11
9
7
6
10
9
10
9
10
9
10
9
11
9
6
11
6
3
10
10
11
9
7
7
10
6
8
7
6
7
11
12
7
6
4
4
10
9
10
8
11
9
0
0
0
0
0
0
0
0
0
0
0
0
0
0
0
0
0
0
0
0
0
0
0
0
0
0
0
0
0
0
0
0
0
0
0
0
0
0
0
0
0
0
0
0
0
0
0
0
0
0
0
0
0
0
0
0
0
0
0
0
0
0
0
0
0
0
0
0
0
0
0
0
0
0
0
0
0
0
0
0
0
0
0
0
0
0
0
0
0
0
0
0
0
0
0
0
0
0
0
0
0
0
0
0
0
0
0
0
0
0
0
0
0
0
0
0
0
0
0
0
0
0
0
0
0
0
0
0
0
0
0
0
0
0
0
0
0
0
0
0
0
0
0
0
0
0
0
0
0
0
0
0
0
0
0
0
0
0
0
0
0
0
0
0
0
0
0
0
0
0
0
0
0
0
0
0
