0
0
0
0
0
0
0
0
0
0
0
0
0
0
0
0
0
0
0
0
0
0
0
0
0
0
0
0
0
0
0
0
5
4
6
7
7
11
10
3
4
4
6
6
4
5
4
8
10
4
8
7
8
7
7
7
7
7
4
4
7
6
7
7
10
11
7
9
9
7
7
9
8
4
4
8
7
11
9
10
7
10
9
7
10
12
12
15
11
11
8
5
8
4
4
8
4
9
6
7
8
6
6
8
7
3
3
7
6
9
8
9
6
9
8
6
9
10
10
13
9
9
7
6
2
6
5
0
0
0
0
0
0
0
0
0
0
0
0
0
0
0
0
0
0
0
0
0
0
0
0
0
0
0
0
0
0
0
0
0
0
4
6
7
6
11
2
6
5
10
6
7
6
0
10
5
5
6
5
5
4
11
7
4
4
3
6
7
9
10
11
7
11
11
11
11
11
11
10
9
7
7
7
7
5
4
5
5
9
9
10
10
10
10
10
7
10
12
12
12
12
11
7
8
9
9
9
9
9
9
9
7
6
6
6
6
4
4
4
4
9
8
9
9
9
9
9
6
9
10
10
10
10
9
6
9
