0
0
0
0
0
0
0
0
0
0
0
0
0
0
0
0
0
0
0
0
0
0
0
0
0
0
0
0
0
0
0
0
0
0
0
0
0
0
0
0
0
0
0
0
0
0
0
0
0
0
0
0
0
0
0
0
0
0
0
0
0
0
0
0
0
0
0
0
0
0
0
0
0
0
0
0
0
0
0
0
0
0
0
0
0
0
0
0
0
0
0
0
0
0
0
0
0
0
0
0
0
0
0
0
0
0
0
0
0
0
0
0
9
9
10
8
4
4
10
9
0
0
3
7
7
7
4
4
0
0
0
0
4
7
11
4
9
11
6
0
11
0
12
11
6
11
7
7
11
7
8
8
11
4
8
11
13
10
8
10
8
7
11
8
10
11
10
11
12
11
5
11
10
6
10
4
10
10
7
8
9
6
7
10
9
4
7
8
10
10
6
9
10
9
7
10
8
10
9
9
10
11
4
10
9
10
11
8
7
9
12
13
12
9
11
10
11
9
8
7
7
6
9
7
10
8
13
10
8
7
8
8
7
7
8
9
9
7
8
6
10
9
7
3
11
7
7
8
7
9
11
10
10
9
8
9
