7
7
11
7
9
7
4
5
4
11
11
12
8
9
10
8
11
7
7
7
10
7
12
8
10
9
8
11
13
8
10
8
7
9
10
10
10
11
9
8
11
12
9
10
7
9
13
8
9
6
6
6
9
6
10
6
8
8
7
9
11
7
9
7
6
7
9
8
9
9
8
6
9
10
7
8
6
7
11
7
6
6
8
6
7
6
3
4
3
10
9
9
7
8
9
7
15
10
9
9
12
10
11
9
13
11
10
9
14
12
7
6
11
9
11
9
13
11
13
11
17
15
10
9
15
12
15
10
7
6
7
11
11
10
10
14
13
14
10
8
8
7
7
6
7
6
7
6
8
7
12
10
7
6
7
6
8
7
9
8
10
8
8
7
10
8
13
11
11
10
9
7
10
9
10
8
11
8
11
9
12
10
8
7
8
7
8
6
13
11
12
11
4
11
10
8
7
11
9
8
7
9
7
8
7
13
11
3
11
9
11
9
11
9
7
6
11
9
10
9
12
10
7
6
7
6
10
8
10
8
10
9
10
9
11
9
8
7
10
8
10
9
10
9
8
7
7
6
10
8
7
6
11
9
11
9
