8
10
8
10
3
3
2
9
3
1
1
0
0
0
0
0
6
6
8
8
10
10
5
10
4
4
4
4
8
8
8
8
9
9
7
6
4
7
9
4
1
1
1
1
1
1
1
1
10
10
6
10
10
6
10
10
7
5
5
9
6
8
8
8
8
8
9
6
8
5
5
10
8
8
8
9
7
7
9
4
8
9
8
10
8
9
8
18
8
8
4
8
7
4
3
1
1
1
1
1
1
1
0
0
0
0
0
0
0
0
0
0
8
7
1
1
8
7
7
7
7
7
7
7
7
5
5
7
8
7
7
7
8
7
7
7
7
7
7
7
7
5
5
1
7
7
7
7
7
7
6
7
9
7
7
7
7
0
0
0
8
8
8
10
9
9
9
9
9
9
9
9
8
9
9
9
8
10
8
10
10
8
9
9
9
10
9
9
7
8
9
9
8
0
0
0
0
0
0
0
0
0
0
0
0
0
0
0
8
8
3
3
8
8
8
8
8
8
8
7
9
17
16
17
17
10
16
16
15
5
5
15
7
10
13
7
8
8
8
8
8
0
0
0
0
0
0
0
0
0
0
0
0
0
0
0
