12
12
12
12
8
8
16
16
16
16
8
13
8
13
20
20
20
20
20
20
20
20
20
20
20
20
20
20
20
20
20
20
20
20
23
12
12
12
12
10
10
12
12
12
12
8
12
8
12
20
20
20
20
20
20
20
20
20
20
20
20
20
20
20
20
20
20
20
20
10
10
12
12
12
12
12
12
12
12
16
16
16
16
8
12
8
12
20
20
20
20
20
20
20
20
20
20
20
20
20
20
20
20
20
20
20
20
14
0
0
0
0
0
0
0
0
0
0
0
0
0
0
0
0
0
0
0
0
0
0
0
0
0
0
0
0
0
0
0
0
0
0
0
0
0
0
0
0
0
0
0
0
0
0
0
0
0
0
0
0
0
0
0
0
0
0
0
0
0
0
0
0
0
0
0
0
0
0
0
0
0
0
0
0
0
0
0
0
0
0
0
0
0
0
0
0
0
0
0
0
0
0
0
0
0
0
0
0
0
0
0
0
0
0
0
0
0
0
0
0
0
0
0
0
0
0
0
0
0
0
0
0
0
0
0
0
0
0
0
0
0
0
0
0
0
0
0
0
0
0
0
0
0
0
0
0
