7
4
7
7
7
11
7
4
6
5
6
9
7
3
4
9
7
7
4
4
4
4
4
4
6
6
7
5
4
7
7
7
7
4
4
4
7
5
4
4
5
3
7
6
7
7
6
7
7
7
10
10
11
9
10
8
9
4
6
5
8
6
4
11
4
4
7
4
7
4
6
6
6
6
8
8
7
8
6
1
6
4
8
4
7
6
10
4
4
7
8
6
14
14
16
16
14
14
16
4
5
3
5
5
5
6
5
6
4
4
5
4
10
8
10
7
5
5
10
8
1
1
5
8
8
8
4
6
1
1
1
1
5
7
13
4
13
14
7
1
16
1
16
18
7
13
10
10
14
10
11
11
13
4
11
13
14
12
11
13
13
9
1
12
12
14
13
13
12
16
7
14
10
6
9
5
9
10
9
12
8
6
8
9
8
5
8
9
8
9
8
9
10
9
6
9
9
9
10
11
12
14
8
9
8
9
14
11
9
9
14
16
14
10
14
8
13
9
13
8
10
9
9
9
13
12
14
12
15
13
12
11
11
8
16
12
11
8
12
10
9
9
8
5
13
6
6
8
9
12
15
10
10
12
12
12
