11
11
14
10
11
9
6
8
9
18
16
13
12
13
14
13
14
11
10
10
15
11
18
10
13
13
12
14
16
13
13
13
10
11
12
14
14
13
14
12
17
18
13
16
11
11
17
13
10
10
9
9
12
9
14
9
11
11
11
12
14
11
10
10
10
9
10
11
13
11
11
10
15
15
11
14
9
9
14
12
9
9
12
9
9
8
6
8
7
15
14
12
11
11
11
11
9
9
13
11
9
9
9
9
9
9
9
9
9
9
8
8
9
9
13
10
16
13
9
9
9
9
9
9
9
9
9
9
8
8
9
8
9
8
8
10
16
16
13
11
12
9
10
10
9
8
11
10
11
9
19
14
10
9
12
11
14
11
12
12
14
13
14
11
16
13
17
14
15
12
11
8
12
10
12
12
12
12
14
11
16
13
13
10
12
10
11
11
15
12
15
13
6
18
14
13
10
14
12
13
11
13
11
12
10
16
14
6
14
10
14
10
17
13
11
9
12
9
12
9
18
14
10
9
11
10
13
11
13
11
13
10
13
10
13
10
11
9
14
11
14
11
14
12
12
10
10
9
16
14
11
10
13
11
13
11
