14
11
14
10
12
10
11
9
10
10
8
8
13
11
13
10
13
10
13
8
13
11
13
11
9
8
12
8
9
8
13
11
13
13
10
9
11
10
14
10
11
9
13
10
13
10
13
10
13
10
12
11
9
13
9
7
15
15
14
12
9
11
12
9
9
9
8
10
13
14
11
10
10
8
16
12
14
8
12
11
9
10
10
10
9
10
13
13
9
9
14
8
8
12
9
8
12
9
11
11
12
11
11
10
7
8
6
10
8
8
11
16
16
15
14
14
12
10
14
13
12
8
8
10
8
8
8
8
12
12
8
9
10
10
9
8
8
11
10
10
11
16
11
10
13
10
10
11
9
9
9
9
14
9
10
12
13
9
11
9
12
9
9
16
15
16
13
12
14
16
12
12
11
8
13
16
9
9
6
7
7
8
8
11
8
7
10
6
4
4
5
5
6
6
9
9
8
8
8
8
3
8
6
6
3
8
6
6
5
5
5
5
8
8
7
6
7
4
7
6
8
10
7
6
9
6
7
8
7
8
8
8
8
8
6
7
8
9
10
6
6
6
6
6
6
10
10
8
4
7
7
7
7
11
11
11
