11
10
16
15
16
14
12
12
19
17
18
16
13
11
14
13
10
9
14
12
19
17
14
15
17
15
13
13
18
16
12
11
18
16
18
15
14
14
11
9
9
9
16
16
8
8
9
9
0
9
8
9
9
8
8
8
8
9
9
8
8
9
8
8
8
8
9
8
9
8
9
8
8
8
9
8
9
8
9
8
8
8
9
7
8
8
9
0
0
4
4
5
6
5
7
7
9
9
8
9
9
8
9
7
8
9
9
8
7
9
9
7
8
8
9
9
9
7
8
9
8
8
9
9
9
8
9
9
8
8
6
9
7
8
9
9
8
4
8
0
0
13
13
9
0
9
8
8
8
8
9
8
8
9
9
9
8
9
8
10
9
9
9
9
9
9
9
9
9
9
9
8
8
9
9
8
8
8
8
8
8
8
8
8
8
8
8
8
8
8
8
8
3
8
8
5
8
8
6
8
0
0
0
0
0
0
0
0
8
9
8
8
8
5
7
8
8
5
8
8
7
9
9
5
6
8
9
8
8
7
8
8
8
9
8
0
0
0
0
9
9
9
9
5
8
0
0
0
0
0
0
0
0
0
0
0
