0
0
0
0
0
0
0
0
0
0
0
0
0
0
0
0
0
0
0
0
0
0
0
0
0
0
0
0
0
0
0
0
8
4
7
13
10
17
13
3
7
7
9
13
6
6
4
11
10
9
10
10
10
10
10
10
10
10
4
6
13
13
13
9
16
14
10
11
12
11
10
12
13
6
9
12
10
16
13
13
10
13
13
9
12
13
14
18
13
12
10
7
10
7
8
8
6
10
10
9
10
9
9
10
11
6
7
11
6
16
11
10
10
10
8
8
8
11
11
16
11
11
9
8
4
9
14
0
0
0
0
0
0
0
0
0
0
0
0
0
0
0
0
0
0
0
0
0
0
0
0
0
0
0
0
0
0
0
0
0
0
4
9
11
10
12
3
10
8
16
8
8
11
0
16
8
5
13
8
8
6
11
11
4
6
7
8
8
16
17
17
9
14
14
14
14
14
14
17
11
11
11
11
11
7
7
8
8
13
13
13
13
13
13
13
11
13
13
13
13
13
12
10
12
10
10
10
10
10
10
13
9
9
9
9
9
7
7
8
8
10
11
10
10
10
10
10
13
10
11
11
11
11
11
10
11
