14
10
14
10
14
10
11
9
11
9
11
9
11
9
12
13
13
11
11
9
11
9
11
9
11
9
11
9
12
10
12
10
12
10
12
10
13
11
13
12
8
8
6
6
8
8
6
6
6
6
16
11
10
9
12
11
11
10
7
10
6
10
8
13
9
11
8
13
11
13
11
13
11
15
12
10
13
10
13
10
13
11
17
15
13
8
13
8
13
8
9
8
9
8
10
8
9
8
12
8
12
8
12
8
13
11
13
11
13
11
13
11
13
11
13
11
18
16
12
11
12
10
9
10
9
10
9
8
10
13
11
9
12
10
11
14
11
13
15
12
10
10
11
12
11
13
11
14
14
15
8
8
13
11
8
14
18
16
11
13
15
11
19
15
13
10
12
9
8
12
12
7
12
8
12
15
12
12
13
15
14
10
9
11
11
10
9
12
10
9
9
10
4
6
8
4
23
21
19
19
15
11
22
18
16
14
10
8
8
13
10
13
11
13
11
13
11
13
11
13
11
9
14
10
14
10
17
13
12
11
12
10
12
11
13
10
13
10
11
10
9
23
21
19
12
10
17
11
13
11
14
10
17
13
13
10
