7
9
7
9
3
2
1
8
2
1
1
0
0
0
0
0
5
5
7
7
9
9
4
9
3
3
3
3
7
7
7
7
8
8
6
5
3
6
8
3
0
0
0
0
0
0
0
0
9
9
5
9
9
5
9
9
6
4
4
8
5
7
7
7
7
7
8
5
7
4
4
9
7
7
7
8
6
6
8
3
7
8
7
9
7
8
7
17
7
7
3
7
6
3
2
0
17
17
17
17
17
1
0
0
0
0
0
0
0
0
0
0
7
6
0
0
7
6
6
6
6
6
6
6
6
4
4
6
7
6
6
6
7
6
6
6
6
6
6
6
6
4
4
0
6
6
6
6
6
6
5
6
8
6
6
6
6
0
0
0
7
7
7
9
8
8
8
8
8
8
8
8
7
8
8
8
7
9
7
9
9
7
8
8
8
9
8
8
6
7
8
8
7
0
0
0
0
0
0
0
0
0
0
0
0
0
0
0
7
7
7
7
7
7
7
7
7
7
7
7
8
16
15
16
16
9
15
15
14
7
7
14
7
9
12
7
7
7
7
7
7
0
0
0
0
0
0
0
0
0
0
0
0
0
0
0
