17
15
17
15
11
9
11
9
9
8
8
7
17
14
17
14
14
12
15
12
19
16
19
16
11
9
16
14
11
8
13
11
19
15
11
11
13
11
18
15
11
9
17
14
17
14
17
14
17
14
17
15
9
18
10
5
20
20
17
14
12
12
16
9
12
11
10
11
18
19
11
9
7
6
16
14
16
13
17
15
0
0
0
0
0
0
0
0
0
0
0
0
0
0
0
0
0
0
0
0
0
0
0
0
0
0
0
0
0
0
0
0
0
0
0
0
0
0
0
0
0
0
0
0
0
0
0
0
0
0
0
0
0
0
0
0
0
0
0
0
0
0
0
0
0
0
0
0
0
0
0
0
0
0
0
0
0
0
0
0
0
0
0
0
0
0
0
0
0
0
0
0
0
0
0
0
0
0
0
0
0
0
0
0
0
0
0
0
0
0
0
0
0
0
0
0
0
0
0
0
0
0
0
0
0
0
0
0
0
0
0
0
0
0
0
0
0
0
0
0
0
0
0
0
0
0
0
0
0
0
0
0
0
0
0
0
0
0
0
0
0
0
0
0
0
0
0
0
0
0
0
0
0
0
0
0
