17
15
18
15
18
15
13
12
14
11
14
12
13
12
15
12
15
13
11
10
11
9
11
9
11
10
11
10
14
12
14
12
14
12
14
12
13
11
14
12
8
7
7
6
8
7
6
5
6
6
12
10
7
6
13
11
11
11
10
11
10
11
10
11
9
12
10
16
13
15
13
15
13
18
14
12
17
14
17
14
17
14
22
19
15
12
15
12
15
13
11
9
11
9
11
9
11
9
16
14
16
14
16
14
19
16
19
16
19
16
18
16
19
16
19
16
25
21
18
15
18
13
11
13
11
13
11
8
13
14
11
13
14
13
14
17
15
15
17
11
13
12
11
17
12
12
10
17
17
20
8
7
13
11
7
13
20
17
16
17
19
16
16
14
14
12
14
11
9
13
9
9
16
9
16
21
18
16
14
19
16
13
11
14
15
12
12
12
11
10
12
12
5
9
10
5
25
24
21
15
15
13
20
20
17
17
14
7
6
16
14
19
15
18
16
18
15
19
16
19
15
14
17
15
17
18
17
14
15
13
14
12
13
12
17
14
17
14
14
12
6
25
24
20
14
12
20
13
15
13
17
15
17
14
17
14
