0
0
0
0
0
0
0
0
0
0
0
0
0
0
0
0
0
0
0
0
0
0
0
0
0
0
0
0
0
0
0
0
11
6
10
11
11
18
17
5
7
7
9
9
6
7
6
12
17
6
12
12
12
12
11
12
11
11
6
6
11
9
11
11
16
18
11
14
14
11
11
14
13
6
6
13
11
18
15
16
11
17
15
11
16
19
19
25
17
17
13
7
13
7
7
12
6
15
10
12
12
9
9
12
11
5
5
11
10
15
13
14
10
14
13
10
14
16
16
21
15
15
11
9
4
9
8
0
0
0
0
0
0
0
0
0
0
0
0
0
0
0
0
0
0
0
0
0
0
0
0
0
0
0
0
0
0
0
0
0
0
6
10
11
9
18
3
9
8
17
10
11
10
0
17
7
8
9
8
8
6
19
12
6
6
5
10
11
15
16
18
11
18
17
17
17
17
17
17
14
11
11
11
11
7
7
7
8
15
15
17
17
17
17
17
11
17
19
19
19
19
17
11
13
15
15
15
15
15
15
14
12
9
10
10
10
6
6
6
6
14
13
14
14
14
14
14
9
14
16
16
16
16
15
9
15
