0
0
0
0
0
0
0
0
0
0
0
0
0
0
0
0
0
0
0
0
0
0
0
0
0
0
0
0
0
0
0
0
0
0
0
0
0
0
0
0
0
0
0
0
0
0
0
0
0
0
0
0
0
0
0
0
0
0
0
0
0
0
0
0
0
0
0
0
0
0
0
0
0
0
0
0
0
0
0
0
0
0
0
0
0
0
0
0
0
0
0
0
0
0
0
0
0
0
0
0
0
0
0
0
0
0
0
0
0
0
0
0
14
14
15
13
6
6
15
14
0
0
5
11
12
12
5
6
0
0
0
0
6
10
17
5
14
17
10
0
18
0
19
18
9
17
11
11
17
11
13
13
17
6
13
17
20
15
13
16
13
11
17
13
16
17
16
17
19
17
8
17
16
10
15
6
15
16
12
12
14
10
11
15
14
5
11
13
16
16
10
14
16
15
12
16
13
16
14
14
15
18
6
15
14
16
18
12
11
14
19
21
19
14
18
15
17
14
13
12
11
10
14
11
16
12
20
16
13
12
13
13
11
11
13
13
14
12
12
9
15
14
11
4
17
11
11
13
11
14
18
15
15
14
13
13
