11
11
18
11
14
11
6
8
6
18
17
19
13
15
17
13
17
11
11
11
16
11
19
12
15
15
13
17
20
13
17
13
11
14
16
17
16
17
15
12
18
19
14
16
11
14
21
13
15
9
9
10
14
9
16
10
13
13
11
14
17
11
14
12
9
11
14
13
14
15
13
10
15
16
12
13
9
11
17
11
9
9
13
10
12
9
5
7
5
15
15
14
11
13
14
11
23
17
14
14
19
16
17
14
21
17
17
14
22
19
12
10
17
15
17
14
21
17
20
17
28
24
16
14
23
20
23
16
12
10
12
18
18
16
17
22
21
22
16
13
13
11
12
10
11
10
11
10
13
11
19
16
12
10
11
10
13
11
14
12
15
13
13
12
15
13
20
17
18
15
14
11
16
14
17
12
17
13
17
14
19
16
13
11
12
11
13
10
20
17
20
17
6
18
16
13
11
17
14
13
11
14
12
12
11
20
17
5
17
15
17
15
17
14
11
9
17
14
17
14
19
16
12
10
12
10
15
13
15
13
16
14
16
14
17
14
13
12
16
13
16
14
16
14
12
11
11
10
16
13
11
10
17
15
18
15
