13
20
13
20
6
5
3
16
6
3
1
0
0
0
0
0
8
1
13
13
20
22
8
1
6
6
6
1
11
10
10
1
14
14
8
1
1
16
22
6
1
1
1
1
1
1
1
1
24
1
5
10
1
8
1
1
1
7
8
18
12
1
1
1
1
1
20
1
12
1
1
20
16
16
1
1
1
1
1
1
1
11
1
1
1
1
1
1
1
1
1
1
1
1
1
1
1
1
1
1
1
1
1
1
1
1
1
1
1
1
1
1
10
1
1
1
10
9
10
9
10
10
1
1
1
5
6
1
10
7
9
9
10
9
10
9
10
10
1
1
1
6
6
1
1
1
1
1
1
1
1
1
1
1
1
1
1
1
1
1
1
1
1
1
1
1
1
1
1
15
1
14
15
1
1
1
1
1
1
1
1
1
1
1
1
12
13
1
1
13
1
1
1
1
1
1
1
1
1
1
1
1
1
1
1
1
1
1
1
1
1
1
1
1
1
1
1
1
1
1
1
1
1
1
1
1
1
1
1
1
1
1
1
1
1
1
1
1
1
1
1
1
1
1
1
1
1
1
1
1
1
1
1
1
1
1
