14
14
14
14
8
8
16
16
16
16
8
13
8
13
22
22
22
22
22
22
22
22
22
22
22
22
22
22
22
22
22
22
22
22
23
14
14
14
14
10
10
12
12
12
12
8
12
8
12
22
22
22
22
22
22
22
22
22
22
22
22
22
22
22
22
22
22
22
22
10
10
12
12
14
14
14
14
12
12
16
16
16
16
8
12
8
12
22
22
22
22
22
22
22
22
22
22
22
22
22
22
22
22
22
22
22
22
14
0
0
0
0
0
0
0
0
0
0
0
0
0
0
0
0
0
0
0
0
0
0
0
0
0
0
0
0
0
0
0
0
0
0
0
0
0
0
0
0
0
0
0
0
0
0
0
0
0
0
0
0
0
0
0
0
0
0
0
0
0
0
0
0
0
0
0
0
0
0
0
0
0
0
0
0
0
0
0
0
0
0
0
0
0
0
0
0
0
0
0
0
0
0
0
0
0
0
0
0
0
0
0
0
0
0
0
0
0
0
0
0
0
0
0
0
0
0
0
0
0
0
0
0
0
0
0
0
0
0
0
0
0
0
0
0
0
0
0
0
0
0
0
0
0
0
0
0
