13
13
21
13
16
13
7
9
7
22
20
22
16
18
20
16
20
13
13
13
19
13
22
14
18
18
16
20
24
16
20
16
13
16
19
20
19
20
17
14
22
23
17
19
13
16
25
16
17
11
11
11
16
11
19
12
16
15
13
17
20
13
17
14
11
13
16
16
16
17
15
12
18
19
14
16
11
13
20
13
11
11
16
11
14
11
6
8
6
18
17
17
13
15
16
13
28
20
16
16
22
19
20
17
25
20
20
17
26
22
14
12
20
17
20
17
25
20
24
20
33
29
19
16
28
23
28
19
14
11
14
21
22
19
20
26
25
26
19
16
15
13
14
11
13
11
13
11
16
13
22
19
14
11
13
12
16
13
17
14
18
16
16
14
18
15
24
20
21
18
16
13
19
16
20
14
20
15
20
17
22
19
15
13
14
13
15
12
24
20
23
20
7
22
18
16
13
20
17
16
13
16
14
14
13
24
20
5
20
17
20
18
20
17
13
11
20
16
20
17
22
19
14
12
14
12
18
15
18
15
19
16
19
17
20
16
16
14
19
16
19
16
19
16
14
13
13
11
19
16
13
11
20
17
21
17
