20
17
20
17
12
11
13
11
11
9
9
8
20
17
20
16
17
14
17
14
22
18
22
18
12
11
19
16
12
9
15
13
22
18
13
13
15
13
21
18
12
11
20
16
20
17
20
17
20
17
20
17
11
21
11
6
24
24
20
16
14
14
18
11
14
13
11
13
21
22
12
11
8
7
19
16
18
15
20
17
0
0
0
0
0
0
0
0
0
0
0
0
0
0
0
0
0
0
0
0
0
0
0
0
0
0
0
0
0
0
0
0
0
0
0
0
0
0
0
0
0
0
0
0
0
0
0
0
0
0
0
0
0
0
0
0
0
0
0
0
0
0
0
0
0
0
0
0
0
0
0
0
0
0
0
0
0
0
0
0
0
0
0
0
0
0
0
0
0
0
0
0
0
0
0
0
0
0
0
0
0
0
0
0
0
0
0
0
0
0
0
0
0
0
0
0
0
0
0
0
0
0
0
0
0
0
0
0
0
0
0
0
0
0
0
0
0
0
0
0
0
0
0
0
0
0
0
0
0
0
0
0
0
0
0
0
0
0
0
0
0
0
0
0
0
0
0
0
0
0
0
0
0
0
0
0
