0
0
0
0
0
0
0
0
0
0
0
0
0
0
0
0
0
0
0
0
0
0
0
0
0
0
0
0
0
0
0
0
0
0
0
0
0
0
0
0
0
0
0
0
0
0
0
0
0
0
0
0
0
0
0
0
0
0
0
0
0
0
0
0
0
0
0
0
0
0
0
0
0
0
0
0
0
0
0
0
0
0
0
0
0
0
0
0
0
0
0
0
0
0
0
0
0
0
0
0
0
0
0
0
0
0
0
0
0
0
0
0
17
16
18
15
7
7
18
16
0
0
6
14
14
14
7
7
0
0
0
0
7
13
21
6
16
21
12
0
21
0
23
21
11
21
13
13
20
13
15
15
20
7
15
20
24
18
15
20
15
13
20
15
19
20
19
20
22
20
9
20
19
11
18
7
18
19
14
15
17
12
13
18
16
7
13
15
18
18
11
17
18
17
14
19
15
19
17
17
18
21
7
18
17
18
21
15
14
16
23
25
22
16
21
18
20
17
15
14
13
11
17
12
18
14
23
20
15
14
15
15
13
13
15
16
16
14
14
11
18
17
13
5
20
13
13
15
13
16
21
18
18
16
15
16
