20
17
21
18
21
18
15
14
16
13
16
14
15
14
17
14
17
15
12
11
12
11
13
11
13
11
12
11
16
14
17
14
16
14
16
14
15
13
16
14
9
8
8
7
9
8
7
6
7
6
14
11
8
7
15
13
13
13
11
13
11
13
11
13
11
14
12
18
15
17
15
18
15
21
16
14
20
17
20
17
20
17
26
23
17
14
17
15
17
15
12
11
13
11
13
11
13
11
19
16
18
16
18
16
22
18
22
18
22
19
21
18
22
18
22
19
29
24
20
17
21
15
13
15
13
15
12
9
15
17
13
15
16
15
16
20
17
17
20
12
15
14
13
20
14
14
12
20
19
23
9
8
15
13
8
15
23
20
18
19
22
19
19
16
16
14
17
12
11
15
11
10
19
10
18
25
21
19
16
22
18
15
12
17
17
14
14
14
13
11
14
14
6
10
12
6
29
28
24
18
18
15
23
23
20
20
16
8
7
19
17
22
18
21
18
21
18
22
18
22
18
17
20
17
20
20
20
17
17
15
16
14
15
14
20
17
20
17
17
14
7
29
28
24
16
14
23
15
17
15
20
17
20
17
20
16
