15
24
15
24
8
6
4
16
6
4
2
0
0
0
0
0
10
1
15
15
24
25
8
1
7
7
7
1
12
13
13
1
17
17
10
1
1
19
26
7
1
1
1
1
1
1
1
1
27
1
6
11
1
8
1
1
1
8
9
22
14
1
1
1
1
1
24
1
14
1
1
24
19
19
1
1
1
1
1
1
1
13
1
1
1
1
1
1
1
1
1
1
1
1
1
1
1
1
1
1
1
1
1
1
1
1
1
1
1
1
1
1
11
1
1
1
12
10
11
10
11
11
1
1
1
6
7
1
11
7
10
10
12
10
11
10
11
11
1
1
1
6
7
1
1
1
1
1
1
1
1
1
1
1
1
1
1
1
1
1
1
1
1
1
1
1
1
1
1
18
1
16
17
1
1
1
1
1
1
1
1
1
1
1
1
14
15
1
1
15
1
1
1
1
1
1
1
1
1
1
1
1
1
1
1
1
1
1
1
1
1
1
1
1
1
1
1
1
1
1
1
1
1
1
1
1
1
1
1
1
1
1
1
1
1
1
1
1
1
1
1
1
1
1
1
1
1
1
1
1
1
1
1
1
1
1
