0
0
0
0
0
0
0
0
0
0
0
0
0
0
0
0
0
0
0
0
0
0
0
0
0
0
0
0
0
0
0
0
0
0
0
0
0
0
0
0
0
0
0
0
0
0
0
0
0
0
0
0
0
0
0
0
0
0
0
0
0
0
0
0
0
0
0
0
0
0
0
0
0
0
0
0
0
0
0
0
0
0
0
0
0
0
0
0
0
0
0
0
0
0
0
0
0
0
0
0
0
0
0
0
0
0
0
0
0
0
0
0
23
23
25
22
10
10
25
23
0
0
8
19
19
19
9
10
0
0
0
0
10
18
29
9
23
29
17
0
29
0
32
29
15
29
18
18
28
18
21
22
28
10
22
28
34
25
21
28
22
18
28
21
27
28
27
28
31
28
13
28
27
16
26
10
26
27
19
21
23
17
19
26
23
9
18
22
26
26
16
23
26
24
19
27
22
26
23
24
26
29
11
26
23
26
29
21
19
23
32
35
31
23
30
25
28
23
21
19
18
16
23
18
26
20
33
28
22
19
22
22
18
18
22
22
23
19
20
16
26
23
18
8
28
18
18
22
18
23
30
25
26
23
22
23
