18
18
29
18
23
18
10
13
9
30
28
31
22
25
28
22
28
18
18
18
27
18
31
20
25
25
22
28
33
22
28
22
18
23
26
28
27
28
24
20
30
32
23
26
18
23
35
22
24
15
15
16
23
15
26
17
22
21
18
24
28
18
23
19
15
18
23
22
23
24
21
17
25
26
19
22
15
18
28
18
15
15
22
16
19
15
8
11
8
25
24
23
18
21
23
18
39
28
23
23
31
26
28
23
34
28
28
23
36
31
19
17
28
24
28
23
34
28
33
28
46
40
27
23
39
33
39
27
19
16
19
29
30
27
28
37
34
37
26
22
21
18
19
16
18
16
18
16
22
18
31
26
19
16
18
17
22
18
23
20
25
22
22
19
25
21
33
28
29
25
23
18
27
23
28
20
28
21
28
23
31
26
21
18
20
18
21
17
33
28
33
28
10
30
26
22
18
28
23
22
18
23
19
20
18
33
28
8
28
24
28
25
28
23
18
16
28
23
28
23
31
26
19
17
19
17
25
21
25
21
27
23
27
23
28
23
22
19
27
22
27
23
27
23
20
18
18
16
26
22
18
16
28
24
29
24
