28
24
28
24
18
15
18
15
16
13
13
12
28
23
28
23
24
20
24
21
31
26
31
26
18
15
27
23
18
13
22
18
31
25
18
18
22
19
29
25
18
15
28
23
28
23
28
23
28
23
28
24
15
30
16
8
33
33
28
23
19
19
26
15
20
18
16
18
30
31
18
15
11
10
27
23
26
22
28
24
0
0
0
0
0
0
0
0
0
0
0
0
0
0
0
0
0
0
0
0
0
0
0
0
0
0
0
0
0
0
0
0
0
0
0
0
0
0
0
0
0
0
0
0
0
0
0
0
0
0
0
0
0
0
0
0
0
0
0
0
0
0
0
0
0
0
0
0
0
0
0
0
0
0
0
0
0
0
0
0
0
0
0
0
0
0
0
0
0
0
0
0
0
0
0
0
0
0
0
0
0
0
0
0
0
0
0
0
0
0
0
0
0
0
0
0
0
0
0
0
0
0
0
0
0
0
0
0
0
0
0
0
0
0
0
0
0
0
0
0
0
0
0
0
0
0
0
0
0
0
0
0
0
0
0
0
0
0
0
0
0
0
0
0
0
0
0
0
0
0
0
0
0
0
0
0
