28
24
29
25
29
25
22
19
23
19
23
19
22
19
24
20
24
21
18
16
18
15
18
15
18
16
18
16
23
19
23
20
23
20
23
19
22
18
23
19
13
11
11
10
13
11
10
8
10
9
19
17
12
10
22
18
18
18
16
18
16
18
16
18
15
19
17
26
22
25
22
25
22
29
23
20
28
23
28
23
28
23
37
32
24
20
24
21
24
21
18
15
18
15
18
15
18
15
27
23
26
23
26
23
31
26
31
26
31
27
30
26
31
26
31
27
41
34
29
24
29
21
18
22
18
21
18
13
21
23
18
21
23
22
23
28
24
24
28
18
21
19
18
28
19
20
17
28
28
33
13
12
22
18
12
22
33
28
26
28
31
27
27
23
23
20
23
18
16
21
15
14
27
14
26
35
29
27
23
31
26
22
18
23
24
19
20
19
18
16
19
20
8
14
17
8
41
39
34
25
25
21
33
33
28
28
23
11
10
27
23
31
25
30
26
30
25
31
26
31
25
23
28
24
28
29
28
23
24
21
23
19
22
19
28
23
28
23
23
20
10
41
39
34
23
19
33
22
24
21
28
24
28
23
28
23
