21
34
21
34
11
9
6
23
11
5
2
1
1
1
1
1
14
1
21
21
34
35
12
1
10
10
10
1
18
18
18
1
23
23
14
1
1
28
37
11
1
1
1
1
1
1
1
1
39
1
9
16
1
12
1
1
1
12
12
31
20
1
1
1
1
1
34
1
20
1
1
34
27
27
1
1
1
1
1
1
1
18
1
1
1
1
1
1
1
1
1
1
1
1
1
1
1
1
1
1
1
1
1
1
1
1
1
1
1
1
1
1
15
1
1
1
16
14
15
14
15
15
1
1
1
9
9
1
15
10
15
14
16
14
15
14
15
15
1
1
1
9
9
1
1
1
1
1
1
1
1
1
1
1
1
1
1
1
1
1
1
1
1
1
1
1
1
1
1
27
1
22
24
1
1
1
1
1
1
1
1
1
1
1
1
20
21
1
1
21
1
1
1
1
1
1
1
1
1
1
1
1
1
1
1
1
1
1
1
1
1
1
1
1
1
1
1
1
1
1
1
1
1
1
1
1
1
1
1
1
1
1
1
1
1
1
1
1
1
1
1
1
1
1
1
1
1
1
1
1
1
1
1
1
1
1
