34
29
35
30
35
30
26
23
27
23
27
23
26
23
29
24
29
25
21
19
21
18
22
18
22
19
21
19
27
23
28
24
27
24
27
23
26
22
27
23
15
13
13
12
16
13
12
10
12
11
23
20
14
12
26
22
22
22
19
22
19
22
19
22
18
23
20
31
26
30
26
30
26
35
27
24
33
28
33
28
33
28
44
38
29
24
29
25
29
25
21
18
22
18
22
18
22
18
32
27
31
27
31
27
37
31
37
31
37
32
36
31
37
31
37
32
49
41
35
29
35
25
22
26
22
25
21
16
25
28
22
25
27
26
27
34
29
29
29
21
25
23
22
33
23
24
21
34
33
39
16
14
27
22
14
27
39
33
31
33
37
32
32
27
28
25
29
21
19
25
18
18
33
17
32
43
36
33
28
38
32
21
18
28
29
23
25
24
22
19
24
25
10
17
21
11
49
47
41
30
30
26
40
39
33
35
29
14
13
32
28
37
31
37
32
37
31
37
32
37
31
28
35
30
35
35
33
28
29
25
27
23
27
23
33
28
33
28
28
24
13
49
47
41
28
23
39
26
30
26
35
29
33
28
33
28
