0
0
0
0
0
0
0
0
0
0
0
0
0
0
0
0
0
0
0
0
0
0
0
0
0
0
0
0
0
0
0
12
18
11
20
22
22
36
33
10
13
13
18
18
11
14
11
24
33
12
24
23
24
23
22
23
22
22
11
12
21
18
21
22
32
35
22
27
28
22
21
27
26
12
12
26
22
36
30
32
22
33
29
21
32
37
37
49
34
34
25
14
25
13
13
25
12
29
19
23
24
18
18
24
22
10
10
22
19
30
26
28
19
28
25
19
27
31
31
41
30
29
21
18
7
18
15
0
0
0
0
0
0
0
0
0
0
0
0
0
0
0
0
0
0
0
0
0
0
0
0
0
0
0
0
0
0
0
0
0
0
11
20
22
18
35
6
17
15
33
20
21
20
0
33
14
16
18
16
16
12
37
23
11
12
9
20
21
30
31
35
22
35
34
34
34
34
34
33
27
21
21
21
21
14
13
14
15
29
30
33
33
33
33
33
21
33
37
37
37
37
34
21
26
29
29
29
29
30
30
28
23
18
19
19
19
12
12
12
13
28
25
28
28
28
28
28
18
28
31
31
31
32
29
18
29
