21
21
35
22
27
21
12
15
11
36
34
37
26
30
33
26
35
21
22
22
32
22
37
24
30
30
27
34
41
26
33
26
22
27
31
33
32
34
29
24
36
38
28
32
21
27
42
26
29
18
19
20
27
19
31
20
26
26
23
29
34
22
28
23
19
23
27
27
28
29
25
21
30
32
23
26
19
23
35
23
18
18
26
19
23
18
10
13
10
31
29
28
22
25
28
22
47
33
27
27
37
31
34
28
41
34
33
28
43
37
23
20
34
29
33
28
41
35
40
34
55
48
33
28
46
39
46
33
23
19
23
35
36
33
33
46
41
45
31
26
25
22
23
19
23
20
22
19
27
23
37
31
24
20
21
21
27
22
28
24
31
26
26
23
30
25
40
34
35
30
27
23
32
27
34
25
34
25
35
29
37
31
25
22
24
21
25
21
41
34
40
34
12
37
32
26
22
34
28
26
23
28
23
25
21
41
34
9
34
30
35
30
33
29
21
19
33
28
33
28
38
31
23
20
23
20
30
25
30
25
33
28
33
28
33
28
26
23
32
28
33
27
32
28
24
21
22
19
31
26
22
19
34
29
35
29
