34
29
34
29
21
18
22
18
19
16
16
14
33
28
33
28
30
25
29
25
37
31
37
32
21
18
32
27
21
16
26
22
37
30
22
22
26
23
35
30
21
18
33
28
33
28
33
28
33
28
34
29
18
36
19
10
39
39
35
27
23
23
31
19
24
22
19
22
37
37
21
18
13
12
33
27
31
26
34
30
0
0
0
0
0
0
0
0
0
0
0
0
0
0
0
0
0
0
0
0
0
0
0
0
0
0
0
0
0
0
0
0
0
0
0
0
0
0
0
0
0
0
0
0
0
0
0
0
0
0
0
0
0
0
0
0
0
0
0
0
0
0
0
0
0
0
0
0
0
0
0
0
0
0
0
0
0
0
0
0
0
0
0
0
0
0
0
0
0
0
0
0
0
0
0
0
0
0
0
0
0
0
0
0
0
0
0
0
0
0
0
0
0
0
0
0
0
0
0
0
0
0
0
0
0
0
0
0
0
0
0
0
0
0
0
0
0
0
0
0
0
0
0
0
0
0
0
0
0
0
0
0
0
0
0
0
0
0
0
0
0
0
0
0
0
0
0
0
0
0
0
0
0
0
0
0
