0
0
0
0
0
0
0
0
0
0
0
0
0
0
0
0
0
0
0
0
0
0
0
0
0
0
0
0
0
0
0
0
0
0
0
0
0
0
0
0
0
0
0
0
0
0
0
0
0
0
0
0
0
0
0
0
0
0
0
0
0
0
0
0
0
0
0
0
0
0
0
0
0
0
0
0
0
0
0
0
0
0
0
0
0
0
0
0
0
0
0
0
0
0
0
0
0
0
0
0
0
0
0
0
0
0
0
0
0
0
0
0
29
27
30
26
12
12
30
28
0
0
10
23
23
23
11
12
0
0
0
0
12
21
35
11
27
35
20
0
35
0
39
35
18
35
21
22
34
22
25
26
33
12
26
34
41
30
25
33
26
21
0
25
32
34
32
34
37
33
16
34
32
19
31
12
31
32
23
26
28
20
23
31
27
11
22
26
31
31
19
28
31
29
23
32
26
32
28
29
31
35
14
31
28
31
35
25
23
27
38
42
37
27
36
30
33
28
25
23
21
19
29
22
31
24
40
33
26
23
26
26
21
21
27
27
27
23
25
19
31
28
27
12
33
22
22
26
21
27
36
30
31
27
27
27
