25
40
25
40
13
10
7
33
13
7
3
1
1
1
1
1
17
1
25
25
40
42
14
27
12
12
12
27
21
21
21
27
27
27
17
27
27
33
43
12
1
1
1
1
1
1
1
1
46
27
11
19
27
14
27
27
27
14
14
36
24
27
27
27
27
27
40
27
24
27
27
40
32
32
27
27
27
27
27
27
27
21
27
27
27
27
27
27
27
27
27
27
27
27
27
1
1
1
1
1
1
1
1
1
1
1
1
1
1
1
1
1
18
27
1
1
19
17
18
17
18
18
27
27
27
11
11
27
18
12
17
17
19
17
18
17
18
18
27
27
27
11
11
1
27
27
27
27
27
27
27
27
27
27
27
27
27
1
1
1
27
27
27
27
27
27
27
27
27
31
27
26
28
27
27
27
27
27
27
27
27
27
27
27
27
24
25
27
27
25
27
27
27
1
1
1
1
1
1
1
1
1
1
1
1
1
1
1
27
27
27
27
27
27
27
27
27
27
27
27
27
1
1
27
27
27
27
27
27
27
27
27
27
27
27
27
27
27
27
27
27
1
1
1
1
1
1
1
1
1
1
1
1
1
1
1
